100 100 0 50
150 100 200 0
200 100 200 0
250 100 200 0
300 100 200 0
350 100 200 0
400 100 50 50
450 100 200 0
450 150 500 50
450 200 500 50
450 250 500 50
450 300 200 50
400 300 300 0
350 300 300 0
300 300 150 50
250 300 300 0
200 300 300 0
150 300 500 0
150 250 500 0
150 200 500 0
100 200 100 50
50 200 500 0
50 250 550 0
50 300 550 0
50 350 550 0
100 350 150 50
150 350 250 0
200 350 250 0
250 350 250 0
300 350 200 50
350 350 250 0
400 350 250 0
450 350 50 50
500 350 150 0
550 350 150 0
550 300 150 0
550 250 150 0
550 200 550 0
550 150 50 50
550 100 550 0
550 50 150 0
550 0 150 0
500 0 350 0
450 0 350 0
400 0 200 50
350 0 350 0
300 0 350 0
250 0 350 50
200 0 150 50
150 0 350 50
100 0 350 50
50 0 350 50
0 0 450 0
0 50 50 50
0 100 450 0
0 150 450 0
50 150 300 50
100 150 300 50
150 150 300 50
200 150 300 50
250 150 400 0
250 200 400 0
300 200 300 50
350 200 250 50
